[array([-1.1169e+00,  2.8015e-01,  1.2901e-01, -8.5792e-01,  1.8844e-01,
        7.5356e-03, -2.9584e-01, -1.4982e-01,  2.4907e-01, -1.5677e+00,
       -1.5767e-01,  2.4211e-01,  1.8502e-01, -8.4423e-01, -2.5033e-01,
        6.4980e-02, -2.6150e-01, -5.0630e-01, -1.1077e-02, -2.2049e-01,
        1.6917e-01,  1.6856e-01, -1.7729e-01,  3.1074e-01, -6.5660e-01,
       -5.5889e-01,  7.7409e-02,  7.0085e-01,  1.7719e-01,  2.8504e-01,
       -1.2807e-01,  1.0863e-02,  3.0524e-02, -6.3137e-02, -4.0811e-01,
        8.4632e-02, -5.7407e-01, -7.0495e-01, -3.8600e-01,  2.8513e-02,
       -6.7980e-01,  2.2646e-01, -6.2055e-01,  1.9221e-01, -1.3088e-01,
       -1.9672e-01,  5.8835e-01, -1.1766e-01, -3.0904e-01, -4.5681e-02,
        1.7173e-01, -1.5444e-02,  1.9517e-01, -3.2306e-02,  1.5197e-01,
        6.6671e-02,  4.3067e-01, -3.3565e-01, -5.5834e-01,  1.0107e-04,
        2.0499e-01, -1.9803e-01, -5.4729e-02,  1.4142e-01,  8.7110e-02,
        2.9643e-01, -2.9261e-01,  4.9332e-01,  5.7420e-01,  3.1415e-01,
       -1.3818e-01, -7.5721e-02,  9.1358e-02, -7.1226e-02,  2.9743e-01,
        2.1678e-01,  2.6619e-01,  1.1609e-01, -9.4821e-02, -3.5237e-01,
       -3.9729e-02,  8.7275e-03, -3.4623e-01, -5.8141e-01, -1.9074e-02,
        6.7230e-02, -4.9850e-01, -6.1287e-02, -7.0912e-02, -4.4360e-01,
       -7.7339e-01,  5.5616e-01, -1.9374e-01, -3.2012e-01,  6.6809e-01,
        1.9737e-02, -2.2474e-01, -5.8108e-02,  7.7565e-01, -1.3750e+00,
       -5.3364e-01, -6.0502e-02,  2.8676e-01, -5.6340e-01,  3.0633e-01,
       -5.7919e-02,  1.4278e-01, -4.2347e-02, -2.5298e-01,  1.5436e-01,
        2.5773e-01, -1.2605e-02,  1.6632e-01,  2.7640e-01, -4.2165e-01,
       -1.3713e-01,  1.9502e-01,  8.7230e-02, -4.0975e-01,  2.5422e-01,
       -4.6948e-01,  6.8254e-01,  4.9910e-01, -1.1240e-02,  5.7067e-01,
       -2.3647e-01, -1.9982e-01,  2.3472e-01, -1.6457e-01, -2.5598e-01,
       -4.6201e-02,  3.5781e-01, -7.8995e-01,  9.7831e-02,  2.1002e-01,
        2.9887e-01,  2.7777e-01, -1.1604e-01,  3.1544e-01,  1.6623e-01,
        1.0296e-02, -8.9053e-02,  1.1302e-01, -3.5110e-01, -4.0312e-01,
        1.9371e-01,  1.7825e-01,  1.6168e-01, -2.9160e-01, -6.1689e-02,
       -2.1763e-01, -3.0588e-01, -1.5372e-01, -4.9452e-01, -1.8006e-01,
       -2.6729e-01,  8.7273e-01, -1.1744e-01, -3.8706e-01, -4.9063e-01,
       -4.9079e-01, -3.6257e-01,  2.9825e-01, -4.5857e-01,  4.3422e-01,
       -2.3203e-01,  2.7811e-01,  4.1859e-01, -1.7534e-01,  1.1034e-01,
       -4.9065e-01, -5.1058e-01, -2.5968e-01,  2.9240e-01,  4.4613e-01,
       -5.2523e-01,  3.9623e-01, -1.3978e-01, -1.7014e-01, -2.1716e-03,
       -3.1844e-01, -1.9224e-01,  2.5652e-01, -2.1681e-01,  2.3547e-01,
       -7.0625e-02,  2.8790e-01, -2.7571e-01,  2.1036e-01,  3.2912e-01,
       -5.0801e-02,  3.6878e-01, -2.9523e-01, -3.3079e-01,  3.9467e-02,
       -1.6812e-01, -1.4921e-01,  6.6965e-01, -5.5758e-01, -4.3003e-01,
       -2.2427e-01, -2.0391e-01,  4.6311e-01,  2.0900e-01,  1.7399e-01,
        2.8478e-01, -9.1538e-01,  4.7610e-01, -1.8143e-01,  2.5445e-01,
        1.5764e-01, -7.7940e-01,  2.9642e-01, -3.3333e-01, -5.2516e-01,
       -1.5600e-01, -2.7787e-01,  7.9380e-01, -1.3354e-01,  1.0672e+00,
       -1.4873e+00,  6.3469e-01,  1.5223e-01,  5.7571e-01,  2.6213e-01,
        2.5137e-02, -4.3652e-01,  6.3501e-02,  6.0554e-01, -3.3600e-01,
       -1.5465e-01,  2.2695e-01, -2.8624e-01, -3.8550e-01,  2.5868e-01,
       -1.3769e-01, -3.1669e-02,  3.8979e-01, -3.5363e-01,  2.0516e-01,
        1.8598e-01,  1.6664e-01,  1.8304e-03, -1.9581e-01, -5.6239e-01,
        3.2499e-01, -5.1973e-01,  9.0317e-03, -2.1087e-01, -1.3373e-01,
        1.0435e-01,  3.4919e-01, -1.0303e-02, -2.0671e-01, -5.6783e-01,
       -9.7952e-02,  4.4806e-01,  2.4229e-02, -5.9955e-01,  2.3228e-01,
       -9.0725e-01, -1.0960e-01, -2.9839e-01,  2.1593e-01, -2.2417e-01,
        2.0141e-01,  3.9638e-01,  7.5028e-02,  2.1110e-01,  1.5308e-01,
        5.1470e-01,  3.2197e-02,  2.0241e-02, -3.7837e-01, -5.6122e-01,
        1.2172e-01, -1.9281e+00, -1.9651e-01,  2.4515e-01,  8.3795e-02,
       -6.8702e-01,  1.7795e-01, -6.7127e-02,  4.7637e-01, -3.9525e-01,
       -1.4779e-01, -7.4599e-02, -2.6893e-01, -4.7846e-01,  1.7903e-02,
       -1.4962e-02, -3.6106e-01, -5.5219e-01, -5.0363e-01,  3.0200e-01,
        3.7021e-02, -3.9472e-01,  3.4160e-01, -1.4287e-01, -4.4980e-01],
      dtype=float32), array([-1.3874e-01, -8.3454e-02,  3.0141e-01, -1.2189e-01, -1.1167e-01,
       -8.1257e-02, -2.1277e-01, -2.4025e-01,  7.6051e-02, -1.0000e+00,
        4.1702e-02,  5.3196e-02, -7.1799e-02, -1.1814e-01,  5.7445e-02,
        2.9572e-01,  1.7863e-01, -8.9874e-01,  1.8284e-01,  2.8157e-01,
        2.0450e-01,  4.2469e-01, -2.7326e-01,  6.4786e-02, -2.7285e-01,
       -1.4691e-01, -1.2136e-01,  1.5284e-02, -2.2110e-01, -1.9318e-01,
       -2.6387e-01,  9.8727e-01,  7.3285e-02,  2.3168e-01, -5.8785e-01,
        9.9578e-02,  2.4860e-01, -2.6560e-01, -1.8668e-02,  1.5591e-01,
        1.9963e-01, -2.6689e-01,  3.1572e-01, -3.8729e-01, -1.5149e-01,
        1.7142e-01,  3.9828e-01,  3.6732e-01,  5.6233e-02, -9.3605e-02,
        7.1884e-02, -2.4428e-01,  2.2467e-01,  4.0060e-01, -2.3771e-01,
        2.5488e-01,  3.8872e-01,  5.1767e-01,  1.5252e-01, -5.2913e-01,
        2.3310e-01,  4.0092e-01,  5.2001e-01,  5.2780e-01,  1.3159e-01,
       -7.9898e-01, -3.2130e-01, -2.3758e-01, -3.9660e-02, -3.0781e-02,
       -2.9666e-01, -5.8786e-01, -4.9605e-01,  4.5434e-01, -1.5784e-01,
       -3.9261e-01, -2.2323e-01, -1.8063e-01, -2.1167e-01,  2.1726e-01,
        5.8244e-01,  3.3347e-01,  5.1069e-01,  1.5284e-01, -3.9688e-01,
        4.2797e-01,  2.7260e-01,  1.7995e-01, -4.3190e-02,  4.6629e-01,
       -4.4459e-02, -1.7183e-01, -5.2857e-01,  2.7904e-01, -2.6252e-01,
       -6.3624e-02,  1.8247e-01, -1.9336e-01,  2.8091e-01, -2.4534e-01,
        4.5042e-01, -1.9957e-03,  2.0480e-01, -4.7977e-02,  2.0842e-01,
       -1.8781e-01,  4.3656e-01,  1.6497e-01, -1.2784e-01, -1.0365e-02,
        7.1042e-02,  4.6312e-01, -1.4463e-01, -1.0125e-01,  2.2994e-01,
       -1.3966e-01,  1.7900e-01, -3.2368e-01,  2.9490e-01, -3.6811e-01,
       -1.1998e-02,  4.8830e-01, -6.3050e-01, -6.5915e-01,  2.2164e-01,
       -4.6349e-02,  8.5804e-02, -1.6039e-01,  3.6181e-01,  1.1550e-02,
        2.3422e-01,  1.3184e-01,  1.1097e-01,  1.1827e-01,  2.2611e-01,
        1.5917e-01,  3.6144e-01, -4.0620e-01, -2.1156e-01, -5.8603e-02,
        5.7392e-01, -1.8404e-01,  1.3588e-01,  3.1129e-01, -1.3980e-01,
        8.0600e-02,  1.6226e-02,  1.9059e-01, -6.7489e-02, -1.0129e-01,
        1.3137e-01,  1.8839e-01, -2.9988e-01,  1.4183e-01,  2.2861e-01,
        7.4110e-02,  2.4694e-01, -2.6036e-02,  5.7001e-01,  1.5902e-01,
        7.9471e-01, -2.2429e-02,  5.2608e-01,  1.9209e-01, -2.4818e-02,
       -1.5119e-01, -2.1739e-01, -1.7846e-01,  2.1623e-01,  3.9294e-02,
       -8.9811e-02, -2.6514e-01, -9.7022e-01, -2.3595e-01,  5.5215e-02,
        1.7191e-01,  2.7035e-01, -5.4762e-01, -7.9856e-02,  4.9071e-01,
        5.7175e-02,  5.9440e-01, -3.9096e-01,  6.6710e-01, -3.4443e-02,
        8.9800e-02, -9.5636e-01,  1.0926e-01,  3.1834e-01,  4.1788e-02,
       -2.7049e-01, -4.8799e-01,  7.0224e-02,  1.8232e-01, -6.3972e-01,
       -2.1210e-01, -1.2192e-01, -3.7096e-01,  2.9060e-01, -4.8526e-01,
        1.4765e+00,  3.2252e-02,  2.9536e-01, -8.8272e-02,  5.2412e-01,
       -2.9884e-01,  6.7968e-02,  4.1658e-01, -3.2629e-01, -1.5972e-01,
       -3.4099e-01, -6.6303e-02, -1.8092e-02, -4.4628e-01,  1.0460e-01,
        3.1882e-01, -3.9326e-02, -3.0129e-01, -1.0186e-02,  1.2909e-03,
        3.2519e-02, -1.5156e-01,  5.7198e-02, -2.0977e-01, -1.7669e-01,
        3.2120e-01,  6.7670e-02, -1.1826e-01,  1.4298e-01,  4.5157e-02,
        2.0710e-01,  2.9202e-01, -3.3085e-02, -1.5061e-01, -2.7920e-01,
        1.3095e-01,  1.7222e-01,  1.3962e-01, -4.9022e-01,  2.7158e-01,
        7.1841e-03, -1.7598e-01,  1.1509e-01,  3.4876e-01,  4.2261e-02,
        4.4173e-02, -8.3963e-02, -1.3700e-01, -2.5549e-01, -1.6540e-01,
        2.0628e-02,  3.9877e-01, -6.4587e-02,  2.6902e-01,  1.5329e+00,
        5.5300e-01,  3.2998e-01,  3.0031e-01,  9.4109e-02, -3.0621e-01,
       -1.3776e-01, -1.0127e-01,  4.6637e-02, -6.1997e-03,  5.9259e-03,
        3.2203e-01,  1.2767e-01,  8.6261e-02, -4.8483e-02, -1.1048e-01,
       -7.0092e-01, -2.1485e-01,  5.6552e-01, -3.5250e-01,  1.9312e-01,
       -4.0801e-01, -1.4955e+00, -4.3539e-01,  2.6684e-01,  3.4837e-01,
        3.8715e-02,  2.7316e-01,  4.5919e-02, -3.0606e-01, -1.2653e-01,
        5.1976e-01,  1.3053e-01,  5.3504e-01, -8.1727e-03,  3.3437e-01,
        2.0166e-01,  2.8734e-01,  4.4290e-01, -4.6450e-01, -2.2985e-01,
        7.2142e-02,  4.2937e-01, -1.3576e-01, -5.2199e-01,  6.7699e-01],
      dtype=float32), array([ 0.13661   ,  0.0021813 ,  0.12018   ,  0.26355   ,  0.26859   ,
        0.25898   , -0.37754   ,  0.27515   ,  0.14596   , -0.12054   ,
       -0.11269   ,  0.24501   , -0.51542   ,  0.030997  ,  0.048804  ,
       -0.54016   ,  0.35481   , -0.15365   ,  0.12376   ,  0.12952   ,
        0.26518   ,  0.68873   ,  0.091068  ,  0.28172   ,  0.4736    ,
        0.28587   ,  0.28284   , -0.035146  ,  0.07684   ,  0.024945  ,
       -0.35307   ,  0.74446   , -0.032146  ,  0.27028   ,  0.22483   ,
        0.85917   ,  0.52563   ,  0.20081   , -0.72898   , -0.065413  ,
        0.39269   ,  0.29601   ,  0.36857   , -0.34184   , -0.20543   ,
        0.47857   , -0.4425    , -0.20974   , -0.11014   , -0.13396   ,
        0.070939  , -0.23363   ,  0.32204   , -0.31438   , -0.0031693 ,
       -0.2495    ,  0.19214   ,  0.4911    , -0.15451   ,  0.10808   ,
        0.25213   , -0.28446   , -0.10533   ,  0.1056    , -0.0045416 ,
        0.38545   ,  0.010644  ,  0.35477   , -0.26573   ,  0.14652   ,
       -0.3985    , -0.44906   , -0.40013   ,  0.026397  ,  0.087449  ,
       -0.2696    , -0.50881   ,  0.093781  ,  0.058802  ,  0.31894   ,
        0.042251  , -0.15826   ,  0.22224   , -0.46427   ,  0.26882   ,
        0.64599   ,  0.36062   , -0.31876   , -0.023719  ,  0.46465   ,
       -0.093996  ,  0.55237   ,  0.17958   , -0.29395   , -0.28534   ,
       -0.24758   ,  0.18686   ,  0.15927   , -0.032912  , -0.18289   ,
        0.40673   ,  0.078066  ,  0.53938   , -0.20413   ,  0.25165   ,
        0.4149    ,  0.20083   , -0.039045  ,  0.42356   ,  0.20696   ,
       -0.0073364 , -0.023638  ,  0.0095839 , -0.26831   ,  0.19389   ,
       -0.024318  ,  0.50504   , -0.3367    ,  0.15285   ,  0.30861   ,
        0.45916   , -0.46619   ,  0.01443   ,  0.29896   ,  0.10849   ,
       -0.38878   , -0.28104   , -0.16438   ,  0.15255   ,  0.27455   ,
        0.8434    , -0.32718   , -0.16017   ,  0.12602   , -0.33304   ,
        0.36261   ,  0.46416   ,  0.32739   , -0.2102    , -0.21728   ,
       -0.40193   ,  0.2816    , -0.42556   ,  0.42627   , -0.26928   ,
       -0.17263   , -0.14847   ,  0.21441   ,  0.46071   ,  0.48484   ,
       -0.2241    , -0.62088   , -0.16949   ,  0.45022   , -0.21072   ,
        0.35095   ,  0.16789   ,  0.43198   ,  0.16329   ,  0.44475   ,
       -0.26108   ,  0.032009  , -0.20345   , -0.60037   ,  0.27142   ,
        0.13448   , -0.3525    , -0.16704   , -0.28596   , -0.19462   ,
       -0.14267   ,  0.20807   , -0.9429    ,  0.30556   , -0.27396   ,
       -0.051127  ,  0.44476   ,  0.0456    ,  0.087809  ,  0.0087691 ,
        0.090466  , -0.2073    ,  0.037029  ,  0.59453   ,  0.30084   ,
       -0.22753   ,  0.13405   , -0.19234   , -0.027222  , -0.63041   ,
       -0.16459   , -0.41927   , -0.55876   , -0.021617  , -0.05451   ,
        0.38613   , -0.16107   ,  0.34372   , -0.1645    , -0.57309   ,
        0.16133   ,  0.40286   ,  0.57551   , -0.20405   ,  0.58625   ,
       -0.1844    ,  0.17585   , -0.26297   , -0.39827   ,  0.23685   ,
       -0.43222   ,  0.045504  ,  0.081407  ,  0.38769   ,  0.35042   ,
        0.31274   ,  0.6444    , -0.16046   ,  0.47113   ,  0.76744   ,
       -0.63885   , -0.093624  ,  0.22694   , -0.16009   , -0.15683   ,
       -0.23499   ,  0.026348  , -0.011526  , -0.57707   ,  0.00097541,
        0.074794  , -0.21728   , -0.17937   , -0.25898   , -0.089179  ,
        0.08619   ,  0.24089   ,  0.0037323 ,  0.143     ,  0.18511   ,
        0.23599   , -0.45519   ,  0.44908   ,  0.37531   , -0.53871   ,
       -0.6143    ,  0.12621   , -0.093483  ,  0.34465   ,  0.32662   ,
        0.32603   ,  0.01366   , -0.40085   ,  0.0070995 ,  0.70814   ,
       -0.36314   , -0.24578   ,  0.06493   ,  0.47155   ,  0.25184   ,
       -0.32345   , -0.15798   , -0.30349   , -0.42004   ,  0.31395   ,
        0.036034  ,  0.46104   , -0.030007  ,  0.22719   ,  0.24396   ,
       -0.48486   ,  0.37271   , -0.38329   , -0.37308   , -0.031421  ,
       -0.025936  , -0.11345   ,  0.51809   ,  0.35514   , -0.39224   ,
        0.17497   , -0.41136   ,  0.44196   ,  0.10569   , -0.15719   ,
        0.0066922 ,  0.41665   ,  0.96404   ,  0.29372   , -0.51489   ,
        0.21229   , -0.13168   , -0.29366   ,  0.34518   ,  0.049492  ,
       -0.90934   , -0.16527   , -0.29752   , -0.21444   ,  0.14755   ],
      dtype=float32), array([ 6.0503e-02, -3.3554e-01,  3.8146e-01,  1.9051e-01,  9.4402e-01,
        6.1129e-01,  3.7641e-03,  1.8861e-02,  4.0483e-01, -2.2791e-01,
       -1.1750e-01, -2.4995e-01,  4.0514e-01, -4.5348e-01,  3.1593e-02,
        1.1031e-01,  6.5710e-01, -7.2662e-01,  2.5383e-01,  8.6476e-02,
        6.8463e-01,  1.0772e+00, -3.6742e-01, -1.0812e-01, -3.0132e-02,
        9.5357e-02, -8.2098e-02, -3.2196e-02,  3.4697e-01, -7.5359e-01,
       -6.5042e-01,  4.1579e-01, -1.1294e-01, -5.2680e-01, -1.3157e-01,
        8.4065e-01,  3.6236e-01,  3.1457e-01, -4.4796e-01,  1.5620e-01,
       -2.5757e-02,  3.9811e-01, -1.4395e-01, -1.2481e+00,  3.0702e-01,
        5.1232e-01,  2.6180e-01, -2.2204e-01,  9.1064e-02, -9.2389e-03,
        2.5703e-01,  3.8904e-01,  4.2993e-01, -6.5595e-01, -3.3576e-01,
        3.2514e-01, -1.3059e-01,  5.1650e-01,  5.3132e-01, -3.5372e-01,
        4.7009e-01,  1.4608e-01, -1.3836e-01, -2.0947e-01, -2.2836e-01,
       -8.0494e-03, -2.6251e-01, -6.7824e-02, -1.3219e-01,  1.9533e-01,
       -3.4415e-01, -4.2758e-01,  3.5984e-01,  3.8317e-01,  1.9430e-01,
        1.2644e-02, -2.1033e-01,  5.0977e-01, -2.5018e-01,  5.3239e-01,
        3.3213e-01,  2.2871e-01,  1.5395e-01, -4.0803e-01,  1.6291e-01,
       -1.7070e-02, -4.2913e-02,  2.7818e-01,  1.0378e-01, -8.8513e-02,
       -3.3463e-01,  1.0671e-01,  9.7261e-02, -2.2331e-01, -3.1475e-01,
        3.6888e-01,  3.9782e-01,  6.0559e-01,  4.7494e-02,  7.8323e-02,
        2.9542e-01, -8.3030e-01, -6.8306e-02,  2.0089e-01,  6.3178e-02,
        3.0550e-01,  8.0641e-02, -5.8245e-01, -3.4277e-02,  6.3818e-01,
       -3.0060e-01,  5.4389e-01, -1.3506e-01, -1.6064e-01,  4.0865e-01,
        1.7869e-01,  9.0779e-01, -3.5427e-01, -2.0206e-03,  7.0975e-01,
        1.0382e-01,  4.7524e-01, -6.2954e-02,  4.0813e-01,  5.3301e-01,
       -3.4042e-01, -1.9869e-01,  2.6254e-01,  3.0850e-01, -9.1221e-02,
       -1.2047e-01,  1.0879e-01, -1.9024e-01, -2.3659e-01, -2.0530e-01,
        3.4575e-01,  5.9680e-01, -7.2939e-01, -9.3210e-02, -4.7053e-01,
       -2.7015e-01,  4.2151e-01,  3.7956e-01, -1.2423e-01, -5.1719e-01,
       -2.9930e-02,  4.5959e-01,  7.9609e-01, -3.9522e-02, -5.1151e-02,
       -1.2580e+00, -3.8005e-02,  4.0538e-02,  4.1550e-01, -2.6156e-01,
        5.6956e-02, -3.5388e-03,  6.7251e-01,  2.8185e-01,  3.4408e-01,
        1.7125e-02, -2.8377e-01,  3.6806e-01, -8.3308e-02,  5.7678e-01,
        1.2441e-01, -8.3452e-01, -2.5247e-02,  6.2083e-02, -5.3462e-01,
        2.2365e-01, -4.5525e-01, -6.3895e-01, -4.2626e-01, -2.7138e-01,
       -4.1402e-01, -1.0305e-01,  1.3788e-01, -2.7431e-01,  3.6359e-01,
       -4.0282e-02, -1.3198e-01,  1.5214e-02, -1.3203e-02, -3.5649e-01,
        1.0499e-01,  2.9132e-01, -2.6222e-01,  5.0217e-01, -2.6057e-01,
       -4.5317e-01, -7.8206e-01,  5.6325e-01,  7.7669e-02,  2.3693e-01,
       -6.8782e-02, -7.9335e-01, -9.2330e-01,  2.4342e-01, -3.3294e-01,
        9.1738e-01, -5.0454e-01, -2.6922e-01,  8.3027e-02,  1.7501e-01,
        1.0371e-01,  5.2636e-02,  1.0694e-01,  2.0141e-01, -1.4382e-01,
        1.7218e-02,  4.2053e-01, -5.5177e-01,  3.1414e-01, -1.9833e-01,
        5.4400e-01,  6.6900e-01,  1.9822e-01,  1.6645e-01,  1.2701e-01,
       -1.1535e+00,  1.6316e-01, -3.8341e-01, -1.0092e-01, -2.3070e-01,
       -1.6036e-01, -1.7449e-01,  1.0038e-01, -1.9989e-01, -1.0213e-01,
        3.1732e-01, -2.8276e-01,  2.5416e-01, -4.8316e-01, -5.4378e-01,
       -2.7633e-02, -7.6777e-04,  3.1851e-01, -2.0391e-01,  2.2474e-01,
        2.0785e-01,  3.0832e-01, -1.9284e-02,  2.3443e-02, -8.7045e-01,
       -3.2191e-01,  1.9150e-01, -9.6789e-02,  4.4327e-01,  4.7315e-01,
        2.6101e-02, -1.7376e-01,  3.8607e-02,  3.6991e-03,  2.7600e-01,
        3.6022e-01, -2.0732e-01, -1.5643e-01, -2.9692e-01, -9.5709e-01,
       -2.2054e-01, -7.3289e-01, -4.1458e-01,  2.5587e-01,  3.8072e-01,
        6.2393e-01, -1.7009e-01,  3.8591e-01,  2.9225e-01,  6.9545e-02,
        6.2732e-01, -4.7522e-01, -2.5845e-02, -1.9108e-01, -5.9178e-02,
        5.8700e-02,  6.4736e-02,  3.1695e-02,  3.2494e-01, -7.6381e-01,
        1.0674e-01,  5.9911e-02, -1.9242e-01,  6.4713e-01, -3.6731e-01,
       -3.4229e-01,  5.5841e-01,  1.6128e-01,  4.1766e-01, -2.8108e-01,
       -1.5679e-01, -4.7654e-01, -2.3168e-01,  7.2052e-02,  5.6451e-01,
       -1.1155e-02, -6.2079e-01, -5.7698e-01,  2.5998e-02, -2.8878e-02],
      dtype=float32), array([ 0.38535  , -0.14933  , -0.068072 ,  0.23848  , -0.033285 ,
       -0.016619 , -0.064875 ,  0.14372  , -0.040468 , -0.76924  ,
       -0.027216 ,  0.019029 ,  0.57625  , -0.50697  , -0.059993 ,
       -0.15758  ,  0.15829  , -0.072196 ,  0.086431 ,  0.17695  ,
       -0.42223  ,  0.56458  ,  0.49266  ,  0.38757  , -0.28596  ,
        0.26341  ,  0.21199  , -0.33889  ,  0.34129  ,  0.13785  ,
       -0.099749 , -0.26755  ,  0.19532  , -0.38191  , -0.24311  ,
        0.39255  , -0.47764  ,  0.33051  ,  0.40031  ,  0.28287  ,
       -0.32615  , -0.15019  , -0.5242   ,  0.098032 ,  0.14231  ,
       -0.14467  ,  0.0047373, -0.56201  ,  0.27628  , -0.089906 ,
        0.40735  , -0.09097  ,  0.21048  , -0.35369  ,  0.088056 ,
       -0.1674   , -0.59518  , -0.36535  ,  0.072488 ,  0.14065  ,
        0.3228   ,  0.091431 ,  0.03178  ,  0.19065  ,  0.13045  ,
       -0.33007  , -0.21378  ,  0.48217  ,  0.49161  ,  0.46102  ,
       -0.30056  ,  0.2839   , -0.23047  ,  0.11969  ,  0.35772  ,
       -0.28682  , -0.10754  ,  0.080931 , -0.0046293, -0.22911  ,
       -0.0075965, -0.53039  ,  0.019176 ,  0.070509 , -0.17172  ,
       -0.58132  , -0.10485  ,  0.60619  ,  0.18949  , -0.44696  ,
        0.24693  , -0.32349  , -0.38405  , -0.89228  ,  0.10025  ,
       -0.16112  , -0.54092  , -0.15551  ,  0.23144  , -0.43932  ,
       -0.32119  ,  0.16971  , -0.071068 , -0.40459  ,  0.085481 ,
        0.42106  , -0.27042  , -0.3503   ,  0.41618  , -0.01714  ,
       -0.55199  , -0.14068  , -0.16622  ,  0.087776 ,  0.32931  ,
        0.055046 ,  0.38207  , -0.43505  , -0.73729  , -0.48796  ,
        0.44953  ,  0.024991 ,  0.49203  , -0.052102 ,  0.21095  ,
        0.43885  ,  0.31087  , -0.087818 ,  0.55639  ,  0.3674   ,
        0.1935   ,  0.4947   , -0.23925  ,  0.44253  ,  0.29441  ,
        0.16615  , -0.28917  , -0.011491 , -0.37081  ,  0.56223  ,
        0.069912 ,  0.1083   , -0.24523  ,  0.15754  , -0.25294  ,
       -0.26229  , -0.14242  , -0.4625   , -0.59035  ,  0.23993  ,
       -0.15764  ,  0.54767  , -0.71271  ,  0.20645  ,  0.49538  ,
       -0.19407  , -0.1005   ,  0.0083895,  0.38529  ,  0.33509  ,
        0.16707  , -0.46881  , -0.3146   , -0.37956  ,  0.11658  ,
       -0.050043 , -0.017983 ,  1.0304   ,  0.078463 , -0.1442   ,
        0.37758  ,  0.49411  ,  0.2157   , -0.42804  , -0.10008  ,
       -0.28151  , -0.29087  ,  0.31884  ,  0.59952  ,  0.6426   ,
       -0.24415  , -0.068166 , -0.073128 ,  0.44954  ,  0.4519   ,
       -0.22217  ,  0.47828  ,  0.19267  , -0.35348  ,  0.21974  ,
       -0.059914 ,  0.19812  , -0.83399  ,  0.23004  ,  0.22082  ,
        0.60066  , -0.23128  , -0.1106   , -0.050042 , -0.52637  ,
        0.76224  ,  0.41879  ,  0.5735   ,  0.28418  ,  0.52421  ,
        0.25889  ,  0.11284  ,  0.14087  , -0.25597  ,  0.19071  ,
       -0.59398  , -0.10838  ,  0.027262 , -0.39369  ,  0.3369   ,
        0.22618  ,  0.36592  , -0.097621 , -0.22791  , -0.31735  ,
       -0.48723  , -0.27122  ,  0.27282  , -0.47667  , -0.23719  ,
       -0.029402 , -0.10248  , -0.016143 , -0.24091  , -0.13133  ,
        0.0038523,  0.10834  ,  0.10232  , -0.48562  ,  0.43481  ,
        0.10525  ,  0.24917  , -0.35023  , -0.13306  ,  0.32222  ,
        0.1031   ,  0.028036 ,  0.19241  , -0.099879 , -0.6391   ,
        0.17177  ,  0.33453  ,  0.18455  , -0.41368  ,  0.14297  ,
       -0.67471  , -0.04516  , -0.042783 , -0.33632  ,  0.28981  ,
       -0.44288  , -0.33295  , -0.34265  , -0.14705  ,  0.26418  ,
        0.093843 , -0.46693  , -0.087299 ,  0.63696  , -0.10917  ,
       -0.10011  , -0.12581  ,  0.37528  ,  0.17198  , -0.41103  ,
        0.94192  ,  0.54134  , -0.17213  ,  0.076064 ,  0.080486 ,
       -0.4341   , -0.73064  , -0.40539  ,  0.31103  ,  0.063267 ,
       -0.49337  ,  0.34348  , -0.10377  ,  0.15738  , -0.32823  ,
       -0.40947  ,  0.43938  ,  0.14897  ,  0.1374   , -0.10789  ,
        0.37833  ,  0.19264  , -0.33807  , -0.015141 ,  0.18026  ,
       -0.45565  ,  0.014043 , -0.090289 ,  0.1359   ,  0.081258 ],
      dtype=float32), array([-7.2792e-01, -1.8424e-01, -8.0407e-02, -4.6664e-01, -5.4250e-01,
       -7.8993e-02, -6.2497e-01,  2.0044e-01,  5.1395e-01,  1.5692e-01,
       -2.8045e-01, -1.6292e-01,  3.0689e-01,  4.0108e-02,  3.1879e-01,
       -4.1122e-01,  1.6558e-02, -2.9488e-02,  1.8551e-01,  5.8320e-01,
        8.3654e-02,  5.8109e-01,  3.9309e-03,  3.9035e-01,  2.7100e-01,
        2.2227e-01, -5.0588e-01, -4.8748e-01,  5.7836e-01, -3.5366e-01,
       -2.9892e-01, -9.1896e-01,  1.5291e-01,  3.7762e-02, -9.1718e-01,
        3.8555e-01, -3.7301e-01, -2.9556e-01, -6.5904e-02,  2.2362e-01,
        9.7950e-03,  1.7387e-01,  2.7984e-03,  1.3380e-01,  2.8884e-01,
       -8.2097e-02,  2.1693e-01, -2.1974e-01, -1.4081e-01, -1.7308e-01,
       -1.9934e-01, -7.1852e-02, -4.8899e-01, -1.9654e-01, -3.7212e-01,
        2.5081e-01, -9.8806e-02,  4.4265e-01,  9.1486e-01, -3.9222e-01,
        1.3475e-01,  2.9275e-01, -2.9093e-01,  2.0323e-01,  7.5727e-02,
       -7.1723e-02,  6.7642e-01,  5.0077e-02,  8.0865e-02,  3.6644e-01,
        6.4453e-03, -1.9704e-01, -9.1552e-03,  5.7894e-01,  2.1492e-01,
        7.2376e-02,  5.8739e-01,  3.5891e-02, -5.1859e-01, -2.7422e-01,
       -3.6068e-01, -9.7123e-02,  5.9277e-01, -1.1394e-01,  1.5246e-01,
        3.9798e-01,  4.7360e-01,  1.7629e-02, -6.8835e-01, -4.3878e-01,
        1.3681e-01, -1.3908e-01,  1.0199e-01, -5.5390e-01, -6.5489e-01,
       -6.0847e-01, -1.7153e-01, -5.7795e-01,  1.1201e-01, -1.1626e-01,
       -5.2564e-02, -3.6594e-01,  1.9730e-01, -5.6536e-02,  2.6119e-01,
        3.5309e-02,  8.0367e-02, -1.5042e-01, -2.1001e-01, -4.0659e-01,
        3.3238e-02,  5.6027e-01, -1.7858e-01, -1.7446e-01, -1.9029e-02,
        2.0006e-01, -1.5910e-01,  1.2042e-01,  1.4307e-01, -7.8662e-01,
       -5.5574e-01, -4.9701e-02, -2.4952e-01, -7.1914e-02, -2.6856e-01,
       -3.5835e-01,  4.3363e-01,  1.9113e-01, -3.8519e-01, -6.7013e-01,
        7.6173e-01,  2.2450e-01, -6.7677e-02,  5.1033e-01, -4.6495e-01,
       -6.1987e-01,  5.5544e-01, -4.2822e-01,  5.0663e-01, -2.3571e-01,
       -3.7900e-01, -2.2809e-01,  2.6536e-01, -3.3730e-01, -8.3342e-01,
       -6.1664e-01, -2.1830e-01, -2.0959e-01,  2.3509e-01,  1.2495e-01,
        2.5070e-02,  2.1575e-01, -6.6287e-01,  3.3328e-01, -1.4917e-02,
        4.9930e-01, -3.2327e-01,  3.4451e-02,  2.2037e-01, -1.6692e-02,
        2.6861e-01,  7.9153e-02,  4.8223e-01,  1.2810e-01,  2.3991e-01,
        9.4923e-01,  2.0383e-02,  3.2616e-01, -4.7188e-02, -2.3187e-01,
        1.6014e-01, -2.2300e-02,  2.9880e-01,  1.4841e-01,  2.6959e-01,
       -1.9977e-01,  2.5677e-01,  4.6103e-01, -4.1324e-01, -1.9408e-01,
        3.3753e-02, -1.7412e-01, -1.9263e-02,  7.4544e-01, -2.9866e-01,
        2.3605e-01,  3.6100e-01,  3.6017e-01,  4.9075e-01, -3.6196e-01,
       -1.2039e-01, -2.1523e-01, -2.3322e-01, -2.6624e-01, -4.8573e-01,
       -6.0705e-02,  3.7105e-02,  9.7784e-02, -3.6459e-03,  1.2479e-01,
        1.3913e+00, -3.5227e-01,  4.1768e-01,  2.2250e-01,  3.0218e-01,
       -1.0334e-01,  1.0264e-01,  4.0932e-01,  9.0301e-02, -3.7065e-01,
       -6.2902e-01, -7.9435e-01, -1.2398e-01,  4.2914e-01,  1.1104e-01,
        2.0813e-01,  3.5321e-01, -3.3393e-01,  3.1475e-02,  3.2328e-01,
       -7.4444e-02,  1.9277e-01,  2.1261e-01, -1.9679e-01, -8.1470e-01,
        5.2632e-02,  8.5847e-02, -6.8264e-01, -2.2908e-01,  2.8821e-02,
        6.5931e-01, -6.6268e-01, -8.0172e-01, -4.7953e-01, -2.8937e-01,
        1.4933e-02, -2.9668e-01,  2.8420e-01, -7.4643e-02, -2.0397e-01,
       -9.3401e-02,  2.6457e-01, -1.2501e-01, -3.2447e-01,  3.3749e-01,
        3.6826e-01, -3.9375e-01, -3.1732e-01,  8.9808e-02, -2.1737e-01,
       -6.7800e-01, -3.2174e-01,  7.1115e-02,  1.5549e-01,  2.1279e-01,
        5.5998e-02,  5.2130e-01, -5.7694e-02,  3.2359e-01, -3.2036e-01,
        4.7502e-02, -8.7496e-01,  5.1824e-01,  3.1212e-01, -7.3461e-01,
        1.6381e-03, -8.1171e-01, -8.8342e-04,  3.8296e-01,  9.8063e-02,
        4.6180e-02, -3.2990e-01, -3.6663e-03, -3.1730e-01,  5.9025e-01,
       -5.3340e-01, -4.1141e-01, -9.0049e-01, -2.2324e-01, -1.4589e-01,
       -2.6684e-01,  4.0296e-02, -2.8665e-01,  2.9659e-01, -1.8559e-01,
        8.0285e-01, -1.0652e-02,  5.3255e-02,  2.4723e-01,  1.0677e-01,
        8.8235e-03, -3.6049e-01, -1.6446e-01,  3.7547e-01,  6.1408e-02,
       -5.6881e-01, -7.9157e-02,  5.8535e-01,  5.1470e-01,  2.3410e-01],
      dtype=float32), array([ 0.085652 ,  0.28442  ,  0.51399  ,  0.2945   , -0.15092  ,
        0.24326  ,  0.13025  ,  0.05909  , -0.0061513, -0.21184  ,
       -0.18335  ,  0.29906  , -1.1093   ,  0.029222 ,  0.26436  ,
        0.065342 ,  0.19008  ,  0.097317 ,  0.025587 , -0.015584 ,
       -0.27725  ,  0.4701   ,  0.090624 , -0.2293   , -1.0322   ,
        0.070975 ,  0.58155  , -0.45733  ,  0.47586  , -0.39413  ,
       -0.46524  ,  0.45428  , -0.12766  , -0.11446  ,  0.19369  ,
       -0.046516 ,  0.067799 ,  0.0017367,  0.2964   ,  0.066929 ,
        0.053423 ,  0.43     , -0.15297  , -1.0492   ,  0.28637  ,
       -0.039242 ,  0.47093  , -0.24471  , -0.89488  ,  0.48705  ,
       -0.068332 , -0.05203  ,  0.0031707,  0.168    , -0.48575  ,
       -0.48489  ,  0.61242  ,  0.52931  , -0.042024 ,  0.68951  ,
        0.16602  , -0.11405  ,  0.60519  , -0.78131  ,  0.079735 ,
       -0.0097174,  0.067296 ,  0.95423  ,  0.11871  ,  0.039445 ,
        0.022248 , -0.14259  ,  0.1689   , -0.46577  , -0.15378  ,
       -0.3849   , -0.42616  ,  0.03511  ,  0.066032 ,  0.52842  ,
       -0.15008  , -0.013286 ,  0.19803  , -0.31002  , -0.043485 ,
        0.38758  ,  0.22697  , -0.10093  , -0.09091  ,  0.50105  ,
       -0.29516  ,  0.35439  , -0.031752 ,  0.2815   ,  0.33653  ,
       -0.22092  ,  0.26678  , -0.12027  ,  0.52732  , -0.69576  ,
        0.3078   , -0.1221   ,  0.31618  ,  0.04924  ,  0.27348  ,
        0.26012  ,  0.25037  , -0.35315  , -0.22545  ,  0.21915  ,
       -0.11132  , -0.018867 ,  0.056331 ,  0.018436 ,  0.32052  ,
        0.72001  ,  0.20608  ,  0.34726  , -0.72542  , -0.23615  ,
       -0.049506 , -0.58815  ,  0.10137  ,  0.42651  , -0.3587   ,
       -0.5742   ,  0.1103   , -0.089176 ,  0.31246  ,  0.48158  ,
        0.53615  , -0.31576  ,  0.18801  ,  0.39667  , -0.19086  ,
        0.095345 , -0.069007 ,  0.13118  , -0.4329   ,  0.51705  ,
       -0.24031  , -0.14655  ,  0.16956  ,  0.72352  ,  0.34317  ,
       -0.04181  , -0.41143  ,  0.01872  ,  0.14327  ,  0.3654   ,
       -0.76612  , -0.1278   ,  0.62715  ,  0.39872  , -0.78186  ,
        0.19671  , -0.046331 ,  1.0995   ,  0.40313  ,  0.64465  ,
       -0.061136 , -0.30727  , -0.082515 , -0.7432   ,  0.31091  ,
        0.2225   ,  0.085208 , -0.58795  ,  0.59557  ,  0.42375  ,
        0.26347  ,  0.19572  , -0.075927 , -0.11761  , -0.1765   ,
       -0.48475  ,  0.42836  ,  0.53302  , -0.49215  , -0.12661  ,
       -0.47945  ,  0.024499 , -0.31063  ,  0.58717  , -0.27808  ,
       -0.64013  ,  0.065938 , -0.10424  , -0.63869  , -0.20685  ,
        0.3992   , -0.20233  , -0.12424  ,  0.25902  , -0.097352 ,
        0.6559   ,  0.76595  ,  0.56521  , -0.23683  , -0.4689   ,
       -0.35707  ,  0.029151 ,  0.030216 , -0.20056  , -0.42502  ,
       -0.034419 , -0.17474  , -0.21953  , -0.0030915,  0.096112 ,
       -0.080377 , -0.28301  ,  0.2241   ,  0.14452  , -0.30014  ,
       -0.016685 ,  0.52349  ,  0.012133 ,  0.46574  , -0.26213  ,
       -0.78374  , -0.040947 ,  0.32318  , -0.3419   , -0.43612  ,
       -0.12701  , -0.33013  ,  0.35293  ,  0.095143 , -0.8305   ,
        0.48984  ,  0.26805  ,  0.072948 ,  0.10871  , -0.38616  ,
       -0.19359  ,  0.45019  , -0.0090127,  0.13841  , -0.15496  ,
        0.20519  , -0.17856  ,  0.43251  ,  0.11572  , -1.0786   ,
       -0.15077  ,  0.3779   ,  0.29186  ,  0.66756  ,  0.10789  ,
        0.37839  ,  0.83659  , -0.42107  ,  0.027712 , -0.16049  ,
       -0.46099  ,  0.17361  ,  0.21026  ,  0.87172  ,  0.48636  ,
       -0.19938  , -0.55486  ,  0.68694  ,  0.093751 ,  0.31244  ,
        0.17705  ,  0.38292  ,  0.23235  ,  0.10416  , -0.1129   ,
        0.27632  , -0.19217  , -0.088845 , -0.59484  ,  0.049947 ,
       -0.25783  ,  0.33168  ,  0.0086896,  0.14962  ,  0.088127 ,
        0.13204  , -0.50094  ,  0.33941  ,  0.067377 ,  0.091642 ,
        0.19061  , -0.18506  ,  0.090348 ,  0.49769  , -0.12586  ,
       -1.034    ,  0.030122 ,  0.048812 , -0.055387 , -0.19332  ,
       -0.50568  , -0.70755  ,  0.41353  ,  0.067186 , -0.56808  ],
      dtype=float32), array([ 3.5216e-01,  3.8333e-01,  4.6800e-02,  5.0003e-01,  2.2831e-01,
        3.5780e-01,  4.4829e-02, -2.7321e-01,  4.1962e-01, -1.3799e+00,
        2.6076e-01,  3.6909e-01, -4.3536e-01, -5.2438e-01,  2.6148e-01,
        2.4580e-01,  7.4987e-03,  1.0731e-01,  4.8580e-01, -6.5838e-02,
        5.6594e-02, -3.4650e-01,  3.1904e-01,  6.4260e-02,  4.6697e-01,
       -4.2286e-01,  1.4177e-01,  2.4110e-01, -3.6626e-01, -1.1118e-01,
        1.4839e-01,  1.0081e-02,  4.4444e-01, -2.6218e-01, -9.3248e-01,
        6.8563e-02, -6.9698e-01,  3.6694e-01, -2.5575e-01, -3.7418e-03,
       -3.2738e-01,  3.4744e-01,  2.4820e-01, -2.0094e-01, -3.1325e-02,
        3.4672e-02,  3.5624e-02,  4.5276e-01,  1.6722e-01, -1.2189e-01,
       -7.0061e-01,  1.2573e-01,  3.4855e-01, -1.7619e-01,  3.1662e-01,
       -4.7234e-02,  1.6856e-01,  3.5319e-01, -6.9002e-01,  1.4142e-01,
        3.6492e-01, -3.5834e-02, -4.4110e-01, -3.6706e-01,  2.6792e-01,
       -4.7726e-02,  4.9569e-01, -1.4784e-01,  2.4962e-01,  5.6185e-03,
       -8.6915e-03,  3.1798e-01, -1.7999e-01, -8.8948e-03,  9.8197e-02,
       -4.3777e-01,  3.0385e-01,  4.2119e-01,  3.5850e-02, -8.2381e-02,
       -2.2865e-01, -1.9376e-01,  1.5194e-02, -7.1385e-02,  7.4646e-02,
        1.9549e-01, -3.9695e-01,  9.0535e-02,  7.8800e-01,  1.0263e-01,
       -2.6417e-02,  4.5239e-01, -5.6720e-01, -2.3077e-01, -1.1716e-01,
       -3.1660e-02, -2.6274e-01,  2.5390e-01,  4.1219e-02, -2.6054e-01,
        1.3729e-01,  1.0225e-01,  1.9884e-01, -2.6454e-01,  1.8615e-01,
       -6.7057e-02,  2.6757e-01, -9.4916e-02, -2.9572e-01,  4.3460e-01,
       -5.4311e-01, -7.7276e-01, -1.3168e-01,  1.2937e-01,  4.0998e-01,
        3.6713e-01, -5.4944e-01,  1.2517e-01,  5.4183e-01,  9.6526e-03,
       -3.4442e-01, -4.4578e-03,  3.4295e-01, -5.8093e-01,  5.8560e-01,
       -3.1735e-01,  5.7213e-01,  4.4621e-01, -2.2946e-01,  2.4132e-01,
        7.0609e-02,  3.6421e-01, -2.2327e-01,  3.1404e-01,  8.5092e-02,
        1.5702e-01,  3.9979e-02, -2.0748e-01,  3.4623e-01,  1.2508e-01,
       -1.5623e-01, -5.5293e-01,  9.5082e-02,  1.5753e-02, -3.6862e-01,
        1.6584e-01, -2.9904e-01,  8.9233e-02,  7.7961e-02,  4.3059e-01,
        1.0536e+00,  1.6680e-01, -1.2931e-01, -3.9178e-01,  1.8511e-01,
        3.3325e-02, -5.7067e-02,  1.4687e-01,  3.8384e-01, -1.9022e-01,
       -3.7944e-01,  3.7965e-02, -2.0765e-01, -1.9668e-01, -4.9771e-01,
        1.0039e-01, -5.0247e-01, -1.0496e-01,  5.5817e-02,  2.5791e-02,
        1.3653e-01, -4.1305e-01, -5.8327e-01, -3.0428e-01, -1.1014e-01,
        5.1658e-01, -1.4899e-01,  7.7933e-02, -1.2912e-01,  5.8024e-01,
        3.7512e-01,  7.3254e-01,  6.7824e-01,  2.7111e-01,  1.0652e-02,
        3.4121e-01, -3.5626e-01, -1.5192e-01,  2.0906e-01,  2.4796e-02,
       -2.4582e-01,  3.8677e-01, -1.5988e-01,  1.8035e-01,  1.5215e-01,
        1.0978e-01, -3.6673e-01,  1.1143e-01,  1.6734e-01,  3.6000e-01,
        1.3428e+00,  3.3231e-01,  8.8945e-02, -1.4789e-01,  2.6511e-01,
        3.1958e-01, -3.3687e-01, -1.8297e-01, -1.2587e-01, -5.9059e-01,
       -3.9362e-01, -1.8294e-01, -1.2006e-01, -1.6491e-01,  4.2426e-02,
       -1.6068e-01, -2.6481e-01, -7.1884e-02,  9.5193e-02,  2.8986e-01,
        1.1278e-01, -1.1677e-01, -5.4501e-01, -3.2224e-02,  1.2727e-01,
       -3.8888e-01, -1.4085e-01,  8.9924e-02, -2.0575e-01,  2.2174e-01,
       -3.6510e-01, -3.0992e-01, -2.3391e-01, -6.0567e-01, -1.1556e-01,
        3.9953e-01,  1.3186e-01,  4.2868e-01, -1.0004e-01, -2.7477e-01,
        1.5914e-01, -1.1351e-01, -2.3971e-01, -2.8985e-01, -7.6952e-01,
       -3.8310e-02,  2.7711e-01,  4.8942e-01,  3.4659e-02,  5.1052e-02,
        3.5766e-01,  2.8588e-01,  4.1583e-02, -3.3125e-01,  7.8166e-01,
       -7.0896e-01, -2.6187e-01,  1.5350e-01, -4.4181e-02, -1.4081e-01,
        2.2467e-01, -5.0795e-01, -4.7969e-01, -2.4584e-02, -2.5786e-01,
       -3.9420e-02,  1.8455e-01, -3.0180e-01,  6.5083e-01,  1.7546e-01,
        7.2795e-03, -1.3736e-01, -4.3169e-02,  3.2725e-01,  1.2145e-02,
       -9.6351e-02, -2.1520e+00,  2.2934e-01, -3.6278e-01,  3.5829e-01,
       -1.7488e-01,  2.7110e-02,  3.2273e-01,  4.3837e-01, -3.0878e-01,
        1.6927e-01,  4.0610e-01, -1.1978e-03,  9.5480e-02, -8.0165e-02,
       -4.4444e-02,  1.4861e-01, -4.5653e-01,  1.0475e-01, -3.0313e-01,
        4.4122e-01, -6.1261e-02, -7.2434e-01,  1.0764e-01,  8.4626e-01],
      dtype=float32)]